50249161802
50249161802
50249161802
50240035648
50240035648
50240035648
50240035648
50240035648
50240035648
50240035648
50240035648
50240035648
50240035648
50240035648
50240035648
50240035648
50240035648
50240035648
50240035648
50240035648
50240035648
50240035648
50240035648
50240035648
50240035648
50240035648
50240035648
50240035648
50240035648
50240035648
50240035648
50240035648
50240035648
50240035648
50240035648
50240035648
50240035648
50240035648
50240035648
50240035648
50240035648
50240035648
50240035648
50240035648
50240035648
50240035648
50240035648
50240035648
50240035648
50240035648
50240035648
50231481090
50231481090
50231481090
50231481090
50231481090
50231481090
50248856383
50248856383
50248856383
50248856383
50248856383
50248856383
50259829351
50259829351
50259829351
50259829351
50259829351
50259829351
50244253965
50244253965
50244253965
50244253965
50244253965
50244253965
50233444436
50233444436
50233444436
50233444436
50233444436
50233444436
50250901687
50250901687
50250901687
50250901687
50250901687
50250901687
50235056423
50235056423
50235056423
50235056423
50235056423
50235056423
50258677094
50258677094
50258677094
50258677094
50258677094
50258677094
50245023197
50245023197
50245023197
50245023197
50245023197
50245023197
50247927988
50247927988
50247927988
50247927988
50247927988
50247927988
50258518957
50258518957
50258518957
50258518957
50258518957
50258518957
50232561617
50232561617
50232561617
50232561617
50232561617
50232561617
50234409141
50234409141
50234409141
50234409141
50234409141
50234409141
50243255636
50243255636
50243255636
50243255636
50243255636
50243255636
50243255636
50243255636
50243255636
50243255636
50243255636
50243255636
50255406335
50255406335
50255406335
50255406335
50255406335
50255406335
50233357962
50233357962
50233357962
50233357962
50233357962
50233357962
50256505486
50256505486
50256505486
50256505486
50256505486
50256505486
50256505486
50256505486
50256505486
50256505486
50256505486
50256505486
50230011487
50230011487
50230011487
50230011487
50230011487
50230011487
50277281864
50277281864
50277281864
50277281864
50277281864
50277281864
50277281864
50277281864
50277281864
50277281864
50277281864
50277281864
50277281864
50277281864
50277281864
50277281864
50277281864
50277281864
50244756428
50244756428
50244756428
50244756428
50244756428
50244756428
50258677094
50258677094
50258677094
50258677094
50258677094
50258677094
50230537462
50230537462
50230537462
50230537462
50230537462
50230537462
50234567910
50234567910
50234567910
50234567910
50234567910
50234567910
50232465322
50232465322
50232465322
50232465322
50232465322
50232465322
50249055455
50249055455
50249055455
50249055455
50249055455
50249055455
50257549944
50257549944
50257549944
50257549944
50257549944
50257549944
50250005833
50250005833
50250005833
50250005833
50250005833
50250005833
50253871837
50253871837
50253871837
50254321940
50250622171
50254321940
50254321940
50250622171
50250622171
50254321940
50250622171
50254321940
50250622171
50254321940
50250622171
50246862821
50246862821
50246862821
50246862821
50246862821
50246862821
50247368818
50247368818
50247368818
50247368818
50247368818
50247368818
50245419960
50245419960
50245419960
50245419960
50245419960
50245419960
50258963436
50258963436
50258963436
50258963436
50258963436
50258963436
50258963436
50258963436
50258963436
50258963436
50258963436
50258963436
50257741221
50257741221
50257741221
50257741221
50257741221
50257741221
50230419608
50230419608
50230419608
50230419608
50230419608
50230419608
50252928716
50252928716
50252928716
50252928716
50252928716
50252928716
50259045618
50231965297
50231965297
50259045618
50259045618
50231965297
50259045618
50231965297
50259045618
50231965297
50259045618
50231965297
50259045618
50231965297
50259045618
50231965297
50259045618
50231965297
50277646635
50232472092
50277646635
50232472092
50232472092
50277646635
50277646635
50232472092
50277646635
50232472092
50277646635
50232472092
50277646635
50232472092
50277646635
50277646635
50232472092
50232472092
50277646635
50232472092
50277646635
50232472092
50277646635
50232472092
50230417675
50230417675
50230417675
50230417675
50230417675
50250608677
50230417675
50250608677
50250608677
50250608677
50250608677
50250608677
50253208960
50253208960
50253208960
50253208960
50253208960
50253208960
50231328887
50231328887
50231328887
50231328887
50231328887
50231328887
50232251663
50232251663
50232251663
50232251663
50232251663
50232251663
50249852441
50249852441
50249852441
50249852441
50249852441
50249852441
50249852441
50249852441
50249852441
50249852441
50249852441
50249852441
50249852441
50249852441
50249852441
50249852441
50249852441
50249852441
50249852441
50249852441
50249852441
50249852441
50249852441
50249852441
50246574856
50246574856
50246574856
50246574856
50246574856
50246574856
50246574856
50246574856
50246574856
50246574856
50246574856
50246574856
50266465667
50266465667
50266465667
50266465667
50266465667
50266465667
50266465667
50266465667
50266465667
50266465667
50266465667
50266465667
50230263723
50230595077
50230263723
50230263723
50230595077
50230595077
16303206319
16303206319
16303206319
16303206319
16303206319
16303206319
50253775830
50253775830
50253775830
50253775830
50253775830
50253775830
50257531611
50257531611
50257531611
50257531611
50257531611
50257531611
50250611903
50250611903
50250611903
50250611903
50250611903
50245660185
50250611903
50245660185
50245660185
50245660185
50245660185
50245660185
50245492808
50245492808
50245492808
50245492808
50245492808
50245492808
50245950946
50245950946
50245950946
50245950946
50245950946
50245950946
50245360775
50245360775
50245360775
50245360775
50245360775
50245360775
50232419686
50232419686
50232419686
50232419686
50232419686
50232419686
50232036343
50232036343
50232036343
50232036343
50232036343
50232036343
5132629488
50240693834
50240693834
50240693834
50240693834
50240693834
50240693834
50246950181
50246950181
50246950181
50246950181
50246950181
50246950181
50250043773
50250043773
50250043773
50250043773
50250043773
50250043773
50250043773
50250043773
50250043773
50250043773
50250043773
50250043773
50246231878
50246231878
50246231878
50246231878
50246231878
50246231878
50247034997
50247034997
50247034997
50247034997
50247034997
50247034997
50257003950
50257003950
50257003950
50257003950
50257003950
50257003950
50257003950
50257003950
50257003950
50257003950
50257003950
50257003950
50231341058
50231341058
50231341058
50231341058
50231341058
50231341058
50230419608
50233444436
50258677094
50247927988
50258518957
50232561617
50232561617
50234409141
50243255636
50255406335
50233357962
50256505486
50230011487
50277281864
50244756428
50258677094
50230537462
50234567910
50232465322
50249055455
50249055455
50249055455
50249055455
50257549944
50250005833
50253871837
50250622171
50246862821
50247368818
50245419960
50258963436
50252928716
50231965297
50232472092
50230417675
50250608677
50253208960
50231328887
50232251663
50249852441
50257531611
50253775830
50245660185
50245492808
50245950946
50245360775
50232036343
50240693834
50250043773
50246231878
50247034997
50231341058
50257003950